38 76 45 94 52 6 74 70 72 73 17 7 78 17 64 52 46 7 6 88 22 65 3 82 46 87 41 52 91 19 90 72 4 19 41
99 78 50 23 50 28 48 72 85 99 56 14 40 20 96 10 14 92 93 54 86 72 58 54 74 8 69 100 94 44 29 55 78 39 54
97 56 80 44 76 21 45 25 10 36 58 66 7 30 15 35 69 54 54 91 62 83 0 82 16 70 42 15 55 7 73 34 0 15 16
0 29 65 7 19 32 33 68 72 27 78 93 94 82 72 46 13 3 21 21 96 49 81 13 15 89 1 11 82 75 61 76 90 73 96
56 54 10 81 88 3 42 89 48 40 75 58 27 8 13 90 32 68 42 8 96 9 77 24 45 8 55 53 35 74 64 41 81 34 74
90 18 60 78 13 32 94 23 48 86 50 54 51 14 59 42 20 57 97 92 49 93 73 7 68 82 71 42 7 80 84 97 3 22 55
11 54 20 1 86 44 68 61 9 8 28 10 48 56 0 3 85 71 50 96 54 46 31 97 14 16 12 99 12 78 29 47 59 2 52
12 33 66 69 87 59 28 43 22 88 52 42 71 59 56 19 56 41 37 85 90 33 71 27 38 89 74 50 81 19 54 65 7 23 73
62 65 15 79 28 54 47 25 94 9 16 78 16 92 18 69 90 62 34 55 47 5 100 69 69 71 47 76 44 48 68 51 0 46 1
79 83 30 71 38 56 10 41 45 82 47 9 69 2 76 79 96 19 0 46 88 52 80 97 35 26 66 71 48 36 49 31 52 46 10

