48 58 82 5 24 0 32 51 69 83 81 23 85 74 77 24 50 61 3 6 64 35 76 90 21 54 28 53 2 22 30 59 95 10 9 
8 26 26 38 88 26 19 8 46 18 72 93 22 83 96 40 50 21 13 98 66 49 18 40 16 64 85 31 75 55 61 56 5 43 49 
71 87 20 20 30 11 75 15 29 14 42 9 27 1 99 29 10 6 53 67 97 33 100 78 40 87 91 69 53 9 7 96 61 50 49 
15 59 80 91 22 8 18 93 45 59 91 21 59 79 33 25 14 9 1 55 94 93 34 42 36 11 86 73 11 16 5 10 74 84 88 
63 29 59 35 43 34 25 52 81 92 60 54 82 21 7 99 78 75 73 13 93 99 35 58 77 0 7 55 17 83 36 43 19 57 98 
32 80 100 12 34 5 45 29 2 58 27 29 38 39 81 82 73 59 87 22 59 24 83 98 64 65 68 50 66 81 16 55 31 66 95 
14 23 45 15 4 61 80 45 46 42 68 84 45 1 44 42 48 54 16 7 59 95 35 42 24 0 58 21 40 83 30 0 22 81 16 
68 98 24 87 48 76 63 3 68 85 77 14 73 80 95 85 2 50 88 47 50 98 93 5 90 80 53 14 32 85 35 16 61 61 36 
52 79 81 90 30 0 10 25 39 45 76 74 59 1 25 8 11 59 53 84 40 98 59 7 12 50 90 90 61 99 90 21 87 44 12 
47 12 71 58 23 53 69 92 43 85 3 57 4 97 88 20 45 28 23 30 97 44 40 35 40 12 2 68 61 66 37 19 83 64 11 
17 94 34 2 4 67 7 38 72 64 68 8 56 86 7 60 77 24 73 33 18 33 40 36 88 73 32 35 57 50 44 32 21 61 3 
